state={
	id=10
	name="STATE_10"
	history={
		owner = SAP
		buildings = {
			infrastructure = 6
			industrial_complex = 3
		}
		add_core_of = SAP

	}
	provinces={
		6 58 85 152 192 233 285 286 344 373 433 466 787 924 990 991 998 1156 1181 1185 1202 1289 1346 1429 1527 1591 1602 1604 1659 1695 1708 1780 1825 1908 2016 2023 2025 2066 2118 2169 2200 2211 2261 2294 2304 2449 2458 2469 2501 2504 2604 2634 2730 2998 3026 3285 3381 3385 3408 3660 3747 3775 3875 3903 4368 4381 4384 4398 4427 4446 4463 4526 4544 4571 4574 4613 4618 4633 4636 4661 4669 4707 4720 4721 4747 4767 4775 4777 4811 4843 4849 4868
	}
	manpower=100
	state_category=town
}
