state={
	id=132
	name="STATE_132"
	history={
		owner = TRO
		victory_points = {
			1770 20
		}
		buildings = {
			infrastructure = 6
			industrial_complex = 2
			2610 = {
				naval_base = 5
			}
		}
		add_core_of = TRO

	}
	provinces={
		269 376 412 464 472 564 620 761 820 834 953 995 1075 1118 1141 1343 1512 1544 1616 1669 1697 1770 1790 1921 1936 1971 1991 2179 2218 2276 2426 2428 2598 2610 2633 2769 2883 2886 2994 3019 3132 3162 3212 3316 3413 3536 3546 3560 3620 3721 3779 3878 3923 4472 4506 4554 4555 4582 4583 4592 4599 4629 4644 4658 4660 4677 4678 4680 4691 4705 4715 4735 4738 4740 4743 4744 4770 4789 4790 4792 4809 4816
	}
	manpower=100
	state_category=town
}
