state={
	id=19
	name="STATE_19"
	history={
		owner = JMT
		buildings = {
			infrastructure = 6
			industrial_complex = 3
		}
		add_core_of = JMT

	}
	provinces={
		70 115 122 130 161 225 257 410 748 826 923 1020 1110 1122 1136 1149 1210 1215 1266 1347 1409 1430 1503 1646 1830 2053 2100 2147 2184 2196 2239 2274 2296 2298 2354 2377 2550 2709 3012 3024 3073 3261 3406 3517 3518 3592 3761 3783 3928 4563 4587 4588 4589 4607 4616 4619 4634 4635 4670 4683 4687 4688 4722 4733 4746 4752 4761 4795 4803 4846 4853 4875
	}
	manpower=100
	state_category=town
}
