state={
	id=21
	name="STATE_21"
	history={
		owner = JMT
		victory_points = {
			3758 20
		}
		buildings = {
			infrastructure = 6
			industrial_complex = 3
			3758 = {
				naval_base = 5
			}
		}
		add_core_of = JMT

	}
	provinces={
		81 172 176 184 232 243 402 424 450 568 595 674 679 739 751 759 774 870 1099 1188 1199 1209 1239 1261 1383 1399 1401 1407 1528 1541 1594 1703 1714 1754 1870 1892 1906 1937 1944 2000 2003 2057 2215 2225 2415 2533 2557 2640 2731 2737 2781 2805 2824 3064 3065 3225 3307 3365 3411 3484 3601 3603 3644 3757 3865 4604 4632 4672 4695 4697 4703 4706 4724 4755 4779 4782 4796 4825 4829 4834 4845 4848 4860 4867 4888 4892 4899 4912 4924 4941 4983 5003
	}
	manpower=100
	state_category=town
}
