state={
	id=3
	name="STATE_3"
	history={
		owner = SAP
		buildings = {
			infrastructure = 6
			industrial_complex = 3
		}
		add_core_of = SAP

	}
	provinces={
		98 100 147 169 188 195 210 254 471 488 520 530 536 545 561 691 696 707 732 868 1031 1054 1072 1105 1176 1213 1214 1315 1349 1356 1390 1405 1436 1537 1564 1606 1618 1639 1655 1680 1698 1727 1773 1794 1814 1819 1820 1831 1846 1852 1943 1960 2039 2103 2123 2186 2205 2209 2262 2339 2344 2350 2378 2423 2434 2437 2444 2455 2467 2583 2584 2685 2704 2714 2761 2819 2866 2934 2940 2972 2987 3030 3049 3091 3097 3122 3155 3183 3193 3209 3294 3323 3465 3510 3540 3552 3555 3665 3694 3770 3781 4148 4158 4197 4223 4227 4238 4246 4250 4262 4270 4279 4283 4289 4311 4314 4316 4344 4356 4394 4413 4431 4432 4442 4490 4523 4534 4556
	}
	manpower=100
	state_category=town
}
