state={
	id=37
	name="STATE_37"
	history={
		owner = JMT
		buildings = {
			infrastructure = 6
			industrial_complex = 3
		}
		add_core_of = JMT

	}
	provinces={
		145 185 200 237 244 299 357 408 483 615 658 690 784 832 863 1019 1074 1171 1178 1254 1267 1408 1607 1651 1667 1674 1684 1739 1808 1856 1863 1949 1975 2055 2095 2096 2140 2269 2300 2551 2568 2577 2581 2606 2627 2674 2692 2703 2768 2775 2915 3204 3239 3255 3296 3495 3504 3594 3722 3848 3884 4895 4917 4950 4984 4996 4998 5010 5018 5025 5032 5033 5047 5053 5063 5072 5073 5087 5095 5105 5109 5128 5130 5139 5151 5160 5161 5168 5170 5171 5184 5186 5190 5197 5213 5228
	}
	manpower=100
	state_category=town
}
