state={
	id=5
	name="STATE_5"
	history={
		owner = SAP
		buildings = {
			infrastructure = 6
			industrial_complex = 3
		}
		add_core_of = SAP

	}
	provinces={
		208 218 251 298 346 507 516 624 671 675 789 840 887 1184 1273 1385 1394 1411 1465 1525 1642 1644 1729 1731 1818 1935 1977 2030 2284 2346 2374 2496 2521 2593 2619 2647 2652 2663 2802 2830 2832 2884 2971 2997 3067 3089 3190 3416 3428 3432 3515 3600 3705 3736 3809 3886 3888 4219 4226 4237 4260 4288 4301 4303 4310 4322 4334 4336 4340 4347 4351 4355 4366 4375 4390 4392 4400 4402 4411 4412 4415 4416 4421 4465 4487 4495 4498 4504
	}
	manpower=100
	state_category=town
}
