state={
	id=55
	name="STATE_55"
	history={
		owner = JMT
		victory_points = {
		}
		buildings = {
			infrastructure = 6
			industrial_complex = 3

		}
		add_core_of = JMT

	}
	provinces={
		387 500 727 942 989 1038 1076 1230 1384 1552 1562 1563 1636 1658 1735 1793 2043 2086 2116 2127 2131 2152 2454 2489 2498 2503 2576 2654 2688 2689 2809 2810 2912 2918 2995 3302 3596 3680 3815 3873 5098 5133 5157 5209 5214 5231 5232 5253 5275 5294 5295 5296 5302 5305 5308 5313 5325 5331 5363 5387 5400 5403 5415 5428 5442
	}
	manpower=100
	state_category=town
}
