state={
	id=57
	name="STATE_57"
	history={
		owner = JMT
		buildings = {
			infrastructure = 6
			industrial_complex = 3
		}
		add_core_of = JMT

	}
	provinces={
		87 214 219 352 531 569 584 589 783 919 1016 1040 1253 1372 1494 1592 1723 1885 2033 2146 2329 2388 2409 2513 2648 2849 2852 2874 2902 3096 3166 3200 3240 3289 3511 3519 3539 3551 3639 3795 3879 5163 5177 5189 5193 5198 5207 5208 5216 5220 5221 5223 5247 5248 5252 5268 5271 5276 5278 5284 5293 5304 5338
	}
	manpower=100
	state_category=town
}
