state={
	id=64
	name="STATE_64"
	history={
		owner = HAR
		buildings = {
			infrastructure = 5
		}
		add_core_of = HAR

	}
	provinces={
		8 68 170 258 302 318 337 389 469 505 522 542 594 626 817 860 934 978 1028 1063 1145 1322 1400 1415 1458 1491 1545 1559 1593 1601 1608 1653 1672 1737 1771 1878 1980 2021 2099 2121 2138 2176 2180 2254 2349 2408 2461 2527 2588 2603 2605 2741 2771 2772 2778 2833 2988 2993 3085 3163 3319 3320 3355 3454 3475 3506 3532 3608 3611 3681 3689 3698 3739 3821 3895 3947 3948 5237 5257 5258 5263 5269 5281 5287 5288 5300 5301 5315 5321 5324 5333 5339 5340 5342 5343 5352 5353 5366 5380 5392 5402 5406 5409 5418 5423 5426 5431 5438 5446 5461 5464 5482 5489 5498
	}
	manpower=100
	state_category=town
}
