state={
	id=8
	name="STATE_8"
	history={
		owner = SAP
		buildings = {
			infrastructure = 6
			industrial_complex = 3
		}
		add_core_of = SAP

	}

	provinces={
		366 394 482 504 807 836 922 939 1035 1036 1096 1115 1132 1203 1435 1476 1550 1605 1630 1690 1753 1951 2079 2292 2327 2353 2532 2628 2711 2777 2838 3086 3175 3376 3460 3499 3812 3826 3831 3954 4320 4327 4339 4357 4361 4382 4385 4409 4418 4423 4438 4451 4458 4483 4520 4537 4557 4569 4576 4591 4600 4615 4621
	}
	manpower=100
	state_category=town
}
