state={
	id=9
	name="STATE_9"
	history={
		owner = SAP
		buildings = {
			infrastructure = 6
			industrial_complex = 3
		}
		add_core_of = SAP

	}
	provinces={
		17 50 146 183 310 368 430 579 697 824 850 886 955 1012 1018 1039 1041 1046 1211 1222 1252 1301 1330 1340 1353 1354 1361 1453 1482 1509 1510 1536 1538 1574 1688 1702 1740 1901 1993 2080 2151 2156 2233 2282 2286 2375 2404 2511 2563 2585 2623 2668 2679 2681 2780 2813 2815 2843 2879 2903 2920 2927 3004 3061 3105 3127 3136 3272 3351 3442 3493 3568 3580 3628 3651 3672 3820 3950 4354 4373 4380 4404 4420 4449 4454 4480 4494 4512 4546 4552 4562 4566 4570 4579 4580 4586 4605 4649 4651 4673 4704 4725 4751 4760 4780 4785 4791 4793
	}
	manpower=100
	state_category=town
}
